%YAML:1.0
R: !!opencv-matrix
   rows: 3
   cols: 3
   dt: d
   data: [ 9.9995887108710158e-01, 3.5534773156646413e-03,
       8.3443953152001621e-03, -3.8470197940063088e-03,
       9.9936475749566500e-01, 3.5429957865276439e-02,
       -8.2131950490537640e-03, -3.5460601723571995e-02,
       9.9933732500717121e-01 ]
T: !!opencv-matrix
   rows: 3
   cols: 1
   dt: d
   data: [ -6.5294260327570708e+00, 6.3593554382342946e-02,
       -2.5863931432327490e-02 ]
R1: !!opencv-matrix
   rows: 3
   cols: 3
   dt: d
   data: [ 9.9990853774271926e-01, -6.3199826812132560e-03,
       1.1957172246223186e-02, 6.1067511413369193e-03,
       9.9982316397305038e-01, 1.7786184903358083e-02,
       -1.2067466167943689e-02, -1.7711538663476627e-02,
       9.9977031245104364e-01 ]
R2: !!opencv-matrix
   rows: 3
   cols: 3
   dt: d
   data: [ 9.9994473004854556e-01, -9.7389937876080374e-03,
       3.9609150642540888e-03, 9.8077638681382182e-03,
       9.9979470479166821e-01, -1.7730088506484384e-02,
       -3.7874286855523933e-03, 1.7767956285005302e-02,
       9.9983496393825211e-01 ]
P1: !!opencv-matrix
   rows: 3
   cols: 4
   dt: d
   data: [ 6.6134835388869419e+02, 0., 3.1114504241943359e+02, 0., 0.,
       6.6134835388869419e+02, 2.3704449272155762e+02, 0., 0., 0., 1.,
       0. ]
P2: !!opencv-matrix
   rows: 3
   cols: 4
   dt: d
   data: [ 6.6134835388869419e+02, 0., 3.1114504241943359e+02,
       -4.3184638398886646e+03, 0., 6.6134835388869419e+02,
       2.3704449272155762e+02, 0., 0., 0., 1., 0. ]
Q: !!opencv-matrix
   rows: 4
   cols: 4
   dt: d
   data: [ 1., 0., 0., -3.1114504241943359e+02, 0., 1., 0.,
       -2.3704449272155762e+02, 0., 0., 0., 6.6134835388869419e+02, 0.,
       0., 1.5314435373522653e-01, 0. ]
