%YAML:1.0
M1: !!opencv-matrix
   rows: 3
   cols: 3
   dt: d
   data: [ 7.3905410757453285e+02, 0., 3.1972777977602334e+02, 0.,
       7.3733448552464517e+02, 2.3994609151774716e+02, 0., 0., 1. ]
D1: !!opencv-matrix
   rows: 1
   cols: 12
   dt: d
   data: [ 1.3610316619795826e-01, -2.9555160003112307e-01, 0., 0., 0.,
       0., 0., 1.0044232289868158e+00, 0., 0., 0., 0. ]
M2: !!opencv-matrix
   rows: 3
   cols: 3
   dt: d
   data: [ 7.3905410757453285e+02, 0., 3.1760581276119888e+02, 0.,
       7.3733448552464517e+02, 2.3547703542318754e+02, 0., 0., 1. ]
D2: !!opencv-matrix
   rows: 1
   cols: 12
   dt: d
   data: [ 3.3737440822104959e-03, 7.7436056045587986e-01, 0., 0., 0.,
       0., 0., 4.1645955631341582e+00, 0., 0., 0., 0. ]
